CG
27
0, 10, 24, 12
0, 10, 20, 24
0, 10, 21, 24
0, 10, 8, 24
0, 10, 16, 12
0, 10, 17, 12
0, 10, 18, 12
0, 10, 1, 24
0, 10, 9, 24
0, 10, 19, 12
1, 10, 24, 12
1, 10, 0, 12
1, 10, 20, 24
1, 10, 21, 24
1, 10, 8, 24
1, 10, 16, 12
1, 10, 17, 12
1, 10, 18, 12
1, 10, 9, 24
1, 10, 19, 12
2, 10, 24, 12
2, 10, 20, 24
2, 10, 21, 24
2, 10, 16, 12
2, 10, 10, 24
2, 10, 17, 12
2, 10, 18, 12
2, 10, 11, 24
2, 10, 3, 24
2, 10, 19, 12
3, 10, 24, 12
3, 10, 2, 12
3, 10, 20, 24
3, 10, 21, 24
3, 10, 16, 12
3, 10, 10, 24
3, 10, 17, 12
3, 10, 18, 12
3, 10, 11, 24
3, 10, 19, 12
4, 10, 24, 12
4, 10, 20, 24
4, 10, 21, 24
4, 10, 12, 24
4, 10, 16, 12
4, 10, 5, 24
4, 10, 13, 24
4, 10, 17, 12
4, 10, 18, 12
4, 10, 19, 12
5, 10, 24, 12
5, 10, 4, 12
5, 10, 20, 24
5, 10, 21, 24
5, 10, 12, 24
5, 10, 16, 12
5, 10, 13, 24
5, 10, 17, 12
5, 10, 18, 12
5, 10, 19, 12
6, 10, 24, 12
6, 10, 20, 24
6, 10, 21, 24
6, 10, 7, 24
6, 10, 14, 24
6, 10, 16, 12
6, 10, 15, 24
6, 10, 17, 12
6, 10, 18, 12
6, 10, 19, 12
7, 10, 24, 12
7, 10, 6, 12
7, 10, 20, 24
7, 10, 21, 24
7, 10, 14, 24
7, 10, 16, 12
7, 10, 15, 24
7, 10, 17, 12
7, 10, 18, 12
7, 10, 19, 12
8, 1, 23, 12
9, 1, 22, 12
10, 1, 22, 12
11, 1, 23, 12
12, 1, 23, 12
13, 1, 22, 12
14, 1, 22, 12
15, 1, 23, 12
16, 18, 0, 3
16, 18, 2, 3
16, 18, 4, 3
16, 18, 6, 3
16, 18, 20, 12
16, 18, 21, 12
16, 18, 7, 3
16, 18, 12, 3
16, 18, 8, 3
16, 18, 14, 3
16, 18, 10, 3
16, 18, 5, 3
16, 18, 15, 3
16, 18, 13, 3
16, 18, 1, 3
16, 18, 11, 3
16, 18, 9, 3
16, 18, 3, 3
17, 18, 0, 3
17, 18, 2, 3
17, 18, 4, 3
17, 18, 6, 3
17, 18, 20, 12
17, 18, 21, 12
17, 18, 7, 3
17, 18, 12, 3
17, 18, 8, 3
17, 18, 14, 3
17, 18, 10, 3
17, 18, 5, 3
17, 18, 15, 3
17, 18, 13, 3
17, 18, 1, 3
17, 18, 11, 3
17, 18, 9, 3
17, 18, 3, 3
18, 18, 0, 3
18, 18, 2, 3
18, 18, 4, 3
18, 18, 6, 3
18, 18, 20, 13
18, 18, 21, 12
18, 18, 7, 3
18, 18, 12, 3
18, 18, 8, 3
18, 18, 14, 3
18, 18, 10, 3
18, 18, 5, 3
18, 18, 15, 3
18, 18, 13, 3
18, 18, 1, 3
18, 18, 11, 3
18, 18, 9, 3
18, 18, 3, 3
19, 18, 0, 3
19, 18, 2, 3
19, 18, 4, 3
19, 18, 6, 3
19, 18, 20, 12
19, 18, 21, 13
19, 18, 7, 3
19, 18, 12, 3
19, 18, 8, 3
19, 18, 14, 3
19, 18, 10, 3
19, 18, 5, 3
19, 18, 15, 3
19, 18, 13, 3
19, 18, 1, 3
19, 18, 11, 3
19, 18, 9, 3
19, 18, 3, 3
20, 10, -1, 1
20, 10, 22, 48
20, 10, -1, 1
20, 10, 14, 36
20, 10, 16, 25
20, 10, 10, 36
20, 10, 13, 36
20, 10, 17, 25
20, 10, 18, 26
20, 10, 25, 1
20, 10, 9, 36
20, 10, 19, 25
21, 10, 12, 36
21, 10, 8, 36
21, 10, 16, 25
21, 10, 15, 36
21, 10, 26, 1
21, 10, 23, 48
21, 10, 17, 25
21, 10, 18, 25
21, 10, 11, 36
21, 10, -1, 1
21, 10, -1, 1
21, 10, 19, 26
22, 2, 24, 48
22, 2, 23, 48
23, 2, 24, 48
23, 2, 22, 48
24, 26, 0, 24
24, 26, 2, 24
24, 26, 4, 24
24, 26, 6, 24
24, 26, 20, 149
24, 26, 21, 149
24, 26, 7, 24
24, 26, 12, 36
24, 26, -1, 1
24, 26, 22, 144
24, 26, 8, 36
24, 26, -1, 1
24, 26, 14, 36
24, 26, 16, 50
24, 26, 10, 36
24, 26, 5, 24
24, 26, 15, 36
24, 26, 26, 1
24, 26, 23, 144
24, 26, 13, 36
24, 26, 17, 50
24, 26, 18, 51
24, 26, 1, 24
24, 26, 11, 36
24, 26, 25, 1
24, 26, -1, 1
24, 26, -1, 1
24, 26, 9, 36
24, 26, 3, 24
24, 26, 19, 51
DTG
0, 1, 0, 5, 3
0, 1, 1, 5, 3
0, 1, 2, 5, 3
0, 1, 3, 5, 3
0, 1, 4, 5, 3
0, 12, 5, 0, 3
0, 12, 5, 1, 3
0, 12, 5, 2, 3
0, 12, 5, 3, 3
0, 12, 5, 4, 3
0, 12, 5, 6, 3
0, 12, 5, 7, 3
0, 12, 5, 8, 3
0, 12, 5, 9, 3
0, 12, 5, 10, 3
0, 12, 5, 11, 3
0, 12, 5, 12, 3
0, 1, 6, 5, 3
0, 1, 7, 5, 3
0, 1, 8, 5, 3
0, 1, 9, 5, 3
0, 1, 10, 5, 3
0, 1, 11, 5, 3
0, 1, 12, 5, 3
1, 12, 0, 1, 3
1, 12, 0, 1, 3
1, 12, 0, 1, 3
1, 12, 0, 1, 3
1, 12, 0, 1, 3
1, 12, 0, 1, 3
1, 12, 0, 1, 3
1, 12, 0, 1, 3
1, 12, 0, 1, 3
1, 12, 0, 1, 3
1, 12, 0, 1, 3
1, 12, 0, 1, 3
1, 4, 1, 0, 4
1, 4, 1, 0, 4
1, 4, 1, 0, 4
1, 4, 1, 0, 4
2, 1, 0, 12, 3
2, 1, 1, 12, 3
2, 1, 2, 12, 3
2, 1, 3, 12, 3
2, 1, 4, 12, 3
2, 1, 5, 12, 3
2, 1, 6, 12, 3
2, 1, 7, 12, 3
2, 1, 8, 12, 3
2, 1, 9, 12, 3
2, 1, 10, 12, 3
2, 1, 11, 12, 3
2, 12, 12, 0, 3
2, 12, 12, 1, 3
2, 12, 12, 2, 3
2, 12, 12, 3, 3
2, 12, 12, 4, 3
2, 12, 12, 5, 3
2, 12, 12, 6, 3
2, 12, 12, 7, 3
2, 12, 12, 8, 3
2, 12, 12, 9, 3
2, 12, 12, 10, 3
2, 12, 12, 11, 3
3, 12, 0, 1, 3
3, 12, 0, 1, 3
3, 12, 0, 1, 3
3, 12, 0, 1, 3
3, 12, 0, 1, 3
3, 12, 0, 1, 3
3, 12, 0, 1, 3
3, 12, 0, 1, 3
3, 12, 0, 1, 3
3, 12, 0, 1, 3
3, 12, 0, 1, 3
3, 12, 0, 1, 3
3, 4, 1, 0, 4
3, 4, 1, 0, 4
3, 4, 1, 0, 4
3, 4, 1, 0, 4
4, 1, 0, 3, 3
4, 1, 1, 3, 3
4, 1, 2, 3, 3
4, 12, 3, 0, 3
4, 12, 3, 1, 3
4, 12, 3, 2, 3
4, 12, 3, 4, 3
4, 12, 3, 5, 3
4, 12, 3, 6, 3
4, 12, 3, 7, 3
4, 12, 3, 8, 3
4, 12, 3, 9, 3
4, 12, 3, 10, 3
4, 12, 3, 11, 3
4, 12, 3, 12, 3
4, 1, 4, 3, 3
4, 1, 5, 3, 3
4, 1, 6, 3, 3
4, 1, 7, 3, 3
4, 1, 8, 3, 3
4, 1, 9, 3, 3
4, 1, 10, 3, 3
4, 1, 11, 3, 3
4, 1, 12, 3, 3
5, 12, 0, 1, 3
5, 12, 0, 1, 3
5, 12, 0, 1, 3
5, 12, 0, 1, 3
5, 12, 0, 1, 3
5, 12, 0, 1, 3
5, 12, 0, 1, 3
5, 12, 0, 1, 3
5, 12, 0, 1, 3
5, 12, 0, 1, 3
5, 12, 0, 1, 3
5, 12, 0, 1, 3
5, 4, 1, 0, 4
5, 4, 1, 0, 4
5, 4, 1, 0, 4
5, 4, 1, 0, 4
6, 1, 0, 4, 3
6, 1, 1, 4, 3
6, 1, 2, 4, 3
6, 1, 3, 4, 3
6, 12, 4, 0, 3
6, 12, 4, 1, 3
6, 12, 4, 2, 3
6, 12, 4, 3, 3
6, 12, 4, 5, 3
6, 12, 4, 6, 3
6, 12, 4, 7, 3
6, 12, 4, 8, 3
6, 12, 4, 9, 3
6, 12, 4, 10, 3
6, 12, 4, 11, 3
6, 12, 4, 12, 3
6, 1, 5, 4, 3
6, 1, 6, 4, 3
6, 1, 7, 4, 3
6, 1, 8, 4, 3
6, 1, 9, 4, 3
6, 1, 10, 4, 3
6, 1, 11, 4, 3
6, 1, 12, 4, 3
7, 12, 0, 1, 3
7, 12, 0, 1, 3
7, 12, 0, 1, 3
7, 12, 0, 1, 3
7, 12, 0, 1, 3
7, 12, 0, 1, 3
7, 12, 0, 1, 3
7, 12, 0, 1, 3
7, 12, 0, 1, 3
7, 12, 0, 1, 3
7, 12, 0, 1, 3
7, 12, 0, 1, 3
7, 4, 1, 0, 4
7, 4, 1, 0, 4
7, 4, 1, 0, 4
7, 4, 1, 0, 4
8, 12, 0, 1, 5
8, 12, 0, 1, 5
8, 12, 0, 1, 5
8, 12, 0, 1, 5
8, 12, 0, 1, 5
8, 12, 0, 1, 5
8, 12, 0, 1, 5
8, 12, 0, 1, 5
8, 12, 0, 1, 5
8, 12, 0, 1, 5
8, 12, 0, 1, 5
8, 12, 0, 1, 5
8, 24, 1, 0, 3
8, 24, 1, 0, 3
8, 24, 1, 0, 3
8, 24, 1, 0, 3
8, 24, 1, 0, 3
8, 24, 1, 0, 3
8, 24, 1, 0, 3
8, 24, 1, 0, 3
8, 24, 1, 0, 3
8, 24, 1, 0, 3
8, 24, 1, 0, 3
8, 24, 1, 0, 3
8, 24, 1, 0, 6
8, 24, 1, 0, 6
8, 24, 1, 0, 6
8, 24, 1, 0, 6
8, 24, 1, 0, 6
8, 24, 1, 0, 6
8, 24, 1, 0, 6
8, 24, 1, 0, 6
8, 24, 1, 0, 6
8, 24, 1, 0, 6
8, 24, 1, 0, 6
8, 24, 1, 0, 6
9, 12, 0, 1, 5
9, 12, 0, 1, 5
9, 12, 0, 1, 5
9, 12, 0, 1, 5
9, 12, 0, 1, 5
9, 12, 0, 1, 5
9, 12, 0, 1, 5
9, 12, 0, 1, 5
9, 12, 0, 1, 5
9, 12, 0, 1, 5
9, 12, 0, 1, 5
9, 12, 0, 1, 5
9, 24, 1, 0, 3
9, 24, 1, 0, 3
9, 24, 1, 0, 3
9, 24, 1, 0, 3
9, 24, 1, 0, 3
9, 24, 1, 0, 3
9, 24, 1, 0, 3
9, 24, 1, 0, 3
9, 24, 1, 0, 3
9, 24, 1, 0, 3
9, 24, 1, 0, 3
9, 24, 1, 0, 3
9, 24, 1, 0, 6
9, 24, 1, 0, 6
9, 24, 1, 0, 6
9, 24, 1, 0, 6
9, 24, 1, 0, 6
9, 24, 1, 0, 6
9, 24, 1, 0, 6
9, 24, 1, 0, 6
9, 24, 1, 0, 6
9, 24, 1, 0, 6
9, 24, 1, 0, 6
9, 24, 1, 0, 6
10, 12, 0, 1, 5
10, 12, 0, 1, 5
10, 12, 0, 1, 5
10, 12, 0, 1, 5
10, 12, 0, 1, 5
10, 12, 0, 1, 5
10, 12, 0, 1, 5
10, 12, 0, 1, 5
10, 12, 0, 1, 5
10, 12, 0, 1, 5
10, 12, 0, 1, 5
10, 12, 0, 1, 5
10, 24, 1, 0, 3
10, 24, 1, 0, 3
10, 24, 1, 0, 3
10, 24, 1, 0, 3
10, 24, 1, 0, 3
10, 24, 1, 0, 3
10, 24, 1, 0, 3
10, 24, 1, 0, 3
10, 24, 1, 0, 3
10, 24, 1, 0, 3
10, 24, 1, 0, 3
10, 24, 1, 0, 3
10, 24, 1, 0, 6
10, 24, 1, 0, 6
10, 24, 1, 0, 6
10, 24, 1, 0, 6
10, 24, 1, 0, 6
10, 24, 1, 0, 6
10, 24, 1, 0, 6
10, 24, 1, 0, 6
10, 24, 1, 0, 6
10, 24, 1, 0, 6
10, 24, 1, 0, 6
10, 24, 1, 0, 6
11, 12, 0, 1, 5
11, 12, 0, 1, 5
11, 12, 0, 1, 5
11, 12, 0, 1, 5
11, 12, 0, 1, 5
11, 12, 0, 1, 5
11, 12, 0, 1, 5
11, 12, 0, 1, 5
11, 12, 0, 1, 5
11, 12, 0, 1, 5
11, 12, 0, 1, 5
11, 12, 0, 1, 5
11, 24, 1, 0, 3
11, 24, 1, 0, 3
11, 24, 1, 0, 3
11, 24, 1, 0, 3
11, 24, 1, 0, 3
11, 24, 1, 0, 3
11, 24, 1, 0, 3
11, 24, 1, 0, 3
11, 24, 1, 0, 3
11, 24, 1, 0, 3
11, 24, 1, 0, 3
11, 24, 1, 0, 3
11, 24, 1, 0, 6
11, 24, 1, 0, 6
11, 24, 1, 0, 6
11, 24, 1, 0, 6
11, 24, 1, 0, 6
11, 24, 1, 0, 6
11, 24, 1, 0, 6
11, 24, 1, 0, 6
11, 24, 1, 0, 6
11, 24, 1, 0, 6
11, 24, 1, 0, 6
11, 24, 1, 0, 6
12, 12, 0, 1, 5
12, 12, 0, 1, 5
12, 12, 0, 1, 5
12, 12, 0, 1, 5
12, 12, 0, 1, 5
12, 12, 0, 1, 5
12, 12, 0, 1, 5
12, 12, 0, 1, 5
12, 12, 0, 1, 5
12, 12, 0, 1, 5
12, 12, 0, 1, 5
12, 12, 0, 1, 5
12, 24, 1, 0, 3
12, 24, 1, 0, 3
12, 24, 1, 0, 3
12, 24, 1, 0, 3
12, 24, 1, 0, 3
12, 24, 1, 0, 3
12, 24, 1, 0, 3
12, 24, 1, 0, 3
12, 24, 1, 0, 3
12, 24, 1, 0, 3
12, 24, 1, 0, 3
12, 24, 1, 0, 3
12, 24, 1, 0, 6
12, 24, 1, 0, 6
12, 24, 1, 0, 6
12, 24, 1, 0, 6
12, 24, 1, 0, 6
12, 24, 1, 0, 6
12, 24, 1, 0, 6
12, 24, 1, 0, 6
12, 24, 1, 0, 6
12, 24, 1, 0, 6
12, 24, 1, 0, 6
12, 24, 1, 0, 6
13, 12, 0, 1, 5
13, 12, 0, 1, 5
13, 12, 0, 1, 5
13, 12, 0, 1, 5
13, 12, 0, 1, 5
13, 12, 0, 1, 5
13, 12, 0, 1, 5
13, 12, 0, 1, 5
13, 12, 0, 1, 5
13, 12, 0, 1, 5
13, 12, 0, 1, 5
13, 12, 0, 1, 5
13, 24, 1, 0, 3
13, 24, 1, 0, 3
13, 24, 1, 0, 3
13, 24, 1, 0, 3
13, 24, 1, 0, 3
13, 24, 1, 0, 3
13, 24, 1, 0, 3
13, 24, 1, 0, 3
13, 24, 1, 0, 3
13, 24, 1, 0, 3
13, 24, 1, 0, 3
13, 24, 1, 0, 3
13, 24, 1, 0, 6
13, 24, 1, 0, 6
13, 24, 1, 0, 6
13, 24, 1, 0, 6
13, 24, 1, 0, 6
13, 24, 1, 0, 6
13, 24, 1, 0, 6
13, 24, 1, 0, 6
13, 24, 1, 0, 6
13, 24, 1, 0, 6
13, 24, 1, 0, 6
13, 24, 1, 0, 6
14, 12, 0, 1, 5
14, 12, 0, 1, 5
14, 12, 0, 1, 5
14, 12, 0, 1, 5
14, 12, 0, 1, 5
14, 12, 0, 1, 5
14, 12, 0, 1, 5
14, 12, 0, 1, 5
14, 12, 0, 1, 5
14, 12, 0, 1, 5
14, 12, 0, 1, 5
14, 12, 0, 1, 5
14, 24, 1, 0, 3
14, 24, 1, 0, 3
14, 24, 1, 0, 3
14, 24, 1, 0, 3
14, 24, 1, 0, 3
14, 24, 1, 0, 3
14, 24, 1, 0, 3
14, 24, 1, 0, 3
14, 24, 1, 0, 3
14, 24, 1, 0, 3
14, 24, 1, 0, 3
14, 24, 1, 0, 3
14, 24, 1, 0, 6
14, 24, 1, 0, 6
14, 24, 1, 0, 6
14, 24, 1, 0, 6
14, 24, 1, 0, 6
14, 24, 1, 0, 6
14, 24, 1, 0, 6
14, 24, 1, 0, 6
14, 24, 1, 0, 6
14, 24, 1, 0, 6
14, 24, 1, 0, 6
14, 24, 1, 0, 6
15, 12, 0, 1, 5
15, 12, 0, 1, 5
15, 12, 0, 1, 5
15, 12, 0, 1, 5
15, 12, 0, 1, 5
15, 12, 0, 1, 5
15, 12, 0, 1, 5
15, 12, 0, 1, 5
15, 12, 0, 1, 5
15, 12, 0, 1, 5
15, 12, 0, 1, 5
15, 12, 0, 1, 5
15, 24, 1, 0, 3
15, 24, 1, 0, 3
15, 24, 1, 0, 3
15, 24, 1, 0, 3
15, 24, 1, 0, 3
15, 24, 1, 0, 3
15, 24, 1, 0, 3
15, 24, 1, 0, 3
15, 24, 1, 0, 3
15, 24, 1, 0, 3
15, 24, 1, 0, 3
15, 24, 1, 0, 3
15, 24, 1, 0, 6
15, 24, 1, 0, 6
15, 24, 1, 0, 6
15, 24, 1, 0, 6
15, 24, 1, 0, 6
15, 24, 1, 0, 6
15, 24, 1, 0, 6
15, 24, 1, 0, 6
15, 24, 1, 0, 6
15, 24, 1, 0, 6
15, 24, 1, 0, 6
15, 24, 1, 0, 6
16, 24, 0, 1, 5
16, 24, 0, 1, 5
16, 24, 0, 1, 5
16, 24, 0, 1, 5
16, 24, 0, 1, 5
16, 24, 0, 1, 5
16, 24, 0, 1, 5
16, 24, 0, 1, 5
16, 24, 0, 1, 5
16, 24, 0, 1, 5
16, 24, 0, 1, 5
16, 24, 0, 1, 5
16, 24, 0, 1, 5
16, 24, 0, 1, 5
16, 24, 0, 1, 5
16, 24, 0, 1, 5
16, 24, 0, 1, 5
16, 24, 0, 1, 5
16, 24, 0, 1, 5
16, 24, 0, 1, 5
16, 24, 0, 1, 5
16, 24, 0, 1, 5
16, 24, 0, 1, 5
16, 24, 0, 1, 5
16, 2, 1, 0, 3
16, 2, 1, 0, 3
17, 24, 0, 1, 5
17, 24, 0, 1, 5
17, 24, 0, 1, 5
17, 24, 0, 1, 5
17, 24, 0, 1, 5
17, 24, 0, 1, 5
17, 24, 0, 1, 5
17, 24, 0, 1, 5
17, 24, 0, 1, 5
17, 24, 0, 1, 5
17, 24, 0, 1, 5
17, 24, 0, 1, 5
17, 24, 0, 1, 5
17, 24, 0, 1, 5
17, 24, 0, 1, 5
17, 24, 0, 1, 5
17, 24, 0, 1, 5
17, 24, 0, 1, 5
17, 24, 0, 1, 5
17, 24, 0, 1, 5
17, 24, 0, 1, 5
17, 24, 0, 1, 5
17, 24, 0, 1, 5
17, 24, 0, 1, 5
17, 2, 1, 0, 3
17, 2, 1, 0, 3
18, 25, 0, 1, 3
18, 25, 0, 1, 5
18, 25, 0, 1, 5
18, 25, 0, 1, 5
18, 25, 0, 1, 5
18, 25, 0, 1, 5
18, 25, 0, 1, 5
18, 25, 0, 1, 5
18, 25, 0, 1, 5
18, 25, 0, 1, 5
18, 25, 0, 1, 5
18, 25, 0, 1, 5
18, 25, 0, 1, 5
18, 25, 0, 1, 5
18, 25, 0, 1, 5
18, 25, 0, 1, 5
18, 25, 0, 1, 5
18, 25, 0, 1, 5
18, 25, 0, 1, 5
18, 25, 0, 1, 5
18, 25, 0, 1, 5
18, 25, 0, 1, 5
18, 25, 0, 1, 5
18, 25, 0, 1, 5
18, 25, 0, 1, 5
18, 2, 1, 0, 3
18, 2, 1, 0, 3
19, 25, 0, 1, 3
19, 25, 0, 1, 5
19, 25, 0, 1, 5
19, 25, 0, 1, 5
19, 25, 0, 1, 5
19, 25, 0, 1, 5
19, 25, 0, 1, 5
19, 25, 0, 1, 5
19, 25, 0, 1, 5
19, 25, 0, 1, 5
19, 25, 0, 1, 5
19, 25, 0, 1, 5
19, 25, 0, 1, 5
19, 25, 0, 1, 5
19, 25, 0, 1, 5
19, 25, 0, 1, 5
19, 25, 0, 1, 5
19, 25, 0, 1, 5
19, 25, 0, 1, 5
19, 25, 0, 1, 5
19, 25, 0, 1, 5
19, 25, 0, 1, 5
19, 25, 0, 1, 5
19, 25, 0, 1, 5
19, 25, 0, 1, 5
19, 2, 1, 0, 3
19, 2, 1, 0, 3
20, 24, 0, 1, 2
20, 24, 0, 1, 2
20, 24, 0, 1, 2
20, 24, 0, 1, 5
20, 24, 0, 1, 5
20, 24, 0, 1, 5
20, 24, 0, 5, 2
20, 24, 0, 5, 2
20, 24, 0, 5, 2
20, 24, 0, 5, 5
20, 24, 0, 5, 5
20, 24, 0, 5, 5
20, 24, 0, 6, 2
20, 24, 0, 6, 2
20, 24, 0, 6, 2
20, 24, 0, 6, 5
20, 24, 0, 6, 5
20, 24, 0, 6, 5
20, 24, 0, 9, 2
20, 24, 0, 9, 2
20, 24, 0, 9, 2
20, 24, 0, 9, 5
20, 24, 0, 9, 5
20, 24, 0, 9, 5
20, 13, 1, 0, 4
20, 13, 1, 0, 4
20, 13, 1, 0, 4
20, 13, 1, 2, 4
20, 13, 1, 2, 4
20, 13, 1, 2, 4
20, 13, 1, 4, 4
20, 13, 1, 4, 4
20, 13, 1, 4, 4
20, 13, 1, 7, 4
20, 13, 1, 7, 4
20, 13, 1, 7, 4
20, 13, 1, 10, 2
20, 24, 2, 1, 2
20, 24, 2, 1, 2
20, 24, 2, 1, 2
20, 24, 2, 1, 5
20, 24, 2, 1, 5
20, 24, 2, 1, 5
20, 24, 2, 5, 2
20, 24, 2, 5, 2
20, 24, 2, 5, 2
20, 24, 2, 5, 5
20, 24, 2, 5, 5
20, 24, 2, 5, 5
20, 24, 2, 6, 2
20, 24, 2, 6, 2
20, 24, 2, 6, 2
20, 24, 2, 6, 5
20, 24, 2, 6, 5
20, 24, 2, 6, 5
20, 24, 2, 9, 2
20, 24, 2, 9, 2
20, 24, 2, 9, 2
20, 24, 2, 9, 5
20, 24, 2, 9, 5
20, 24, 2, 9, 5
20, 24, 4, 1, 2
20, 24, 4, 1, 2
20, 24, 4, 1, 2
20, 24, 4, 1, 5
20, 24, 4, 1, 5
20, 24, 4, 1, 5
20, 24, 4, 5, 2
20, 24, 4, 5, 2
20, 24, 4, 5, 2
20, 24, 4, 5, 5
20, 24, 4, 5, 5
20, 24, 4, 5, 5
20, 24, 4, 6, 2
20, 24, 4, 6, 2
20, 24, 4, 6, 2
20, 24, 4, 6, 5
20, 24, 4, 6, 5
20, 24, 4, 6, 5
20, 24, 4, 9, 2
20, 24, 4, 9, 2
20, 24, 4, 9, 2
20, 24, 4, 9, 5
20, 24, 4, 9, 5
20, 24, 4, 9, 5
20, 13, 5, 0, 4
20, 13, 5, 0, 4
20, 13, 5, 0, 4
20, 13, 5, 2, 4
20, 13, 5, 2, 4
20, 13, 5, 2, 4
20, 13, 5, 4, 4
20, 13, 5, 4, 4
20, 13, 5, 4, 4
20, 13, 5, 7, 4
20, 13, 5, 7, 4
20, 13, 5, 7, 4
20, 13, 5, 10, 2
20, 13, 6, 0, 4
20, 13, 6, 0, 4
20, 13, 6, 0, 4
20, 13, 6, 2, 4
20, 13, 6, 2, 4
20, 13, 6, 2, 4
20, 13, 6, 4, 4
20, 13, 6, 4, 4
20, 13, 6, 4, 4
20, 13, 6, 7, 4
20, 13, 6, 7, 4
20, 13, 6, 7, 4
20, 13, 6, 10, 2
20, 24, 7, 1, 2
20, 24, 7, 1, 2
20, 24, 7, 1, 2
20, 24, 7, 1, 5
20, 24, 7, 1, 5
20, 24, 7, 1, 5
20, 24, 7, 5, 2
20, 24, 7, 5, 2
20, 24, 7, 5, 2
20, 24, 7, 5, 5
20, 24, 7, 5, 5
20, 24, 7, 5, 5
20, 24, 7, 6, 2
20, 24, 7, 6, 2
20, 24, 7, 6, 2
20, 24, 7, 6, 5
20, 24, 7, 6, 5
20, 24, 7, 6, 5
20, 24, 7, 9, 2
20, 24, 7, 9, 2
20, 24, 7, 9, 2
20, 24, 7, 9, 5
20, 24, 7, 9, 5
20, 24, 7, 9, 5
20, 1, 8, 5, 3
20, 13, 9, 0, 4
20, 13, 9, 0, 4
20, 13, 9, 0, 4
20, 13, 9, 2, 4
20, 13, 9, 2, 4
20, 13, 9, 2, 4
20, 13, 9, 3, 2
20, 13, 9, 4, 4
20, 13, 9, 4, 4
20, 13, 9, 4, 4
20, 13, 9, 7, 4
20, 13, 9, 7, 4
20, 13, 9, 7, 4
21, 24, 0, 2, 2
21, 24, 0, 2, 2
21, 24, 0, 2, 2
21, 24, 0, 2, 5
21, 24, 0, 2, 5
21, 24, 0, 2, 5
21, 24, 0, 4, 2
21, 24, 0, 4, 2
21, 24, 0, 4, 2
21, 24, 0, 4, 5
21, 24, 0, 4, 5
21, 24, 0, 4, 5
21, 24, 0, 5, 2
21, 24, 0, 5, 2
21, 24, 0, 5, 2
21, 24, 0, 5, 5
21, 24, 0, 5, 5
21, 24, 0, 5, 5
21, 24, 0, 9, 2
21, 24, 0, 9, 2
21, 24, 0, 9, 2
21, 24, 0, 9, 5
21, 24, 0, 9, 5
21, 24, 0, 9, 5
21, 1, 1, 5, 3
21, 13, 2, 0, 4
21, 13, 2, 0, 4
21, 13, 2, 0, 4
21, 13, 2, 3, 4
21, 13, 2, 3, 4
21, 13, 2, 3, 4
21, 13, 2, 6, 4
21, 13, 2, 6, 4
21, 13, 2, 6, 4
21, 13, 2, 7, 4
21, 13, 2, 7, 4
21, 13, 2, 7, 4
21, 13, 2, 10, 2
21, 24, 3, 2, 2
21, 24, 3, 2, 2
21, 24, 3, 2, 2
21, 24, 3, 2, 5
21, 24, 3, 2, 5
21, 24, 3, 2, 5
21, 24, 3, 4, 2
21, 24, 3, 4, 2
21, 24, 3, 4, 2
21, 24, 3, 4, 5
21, 24, 3, 4, 5
21, 24, 3, 4, 5
21, 24, 3, 5, 2
21, 24, 3, 5, 2
21, 24, 3, 5, 2
21, 24, 3, 5, 5
21, 24, 3, 5, 5
21, 24, 3, 5, 5
21, 24, 3, 9, 2
21, 24, 3, 9, 2
21, 24, 3, 9, 2
21, 24, 3, 9, 5
21, 24, 3, 9, 5
21, 24, 3, 9, 5
21, 13, 4, 0, 4
21, 13, 4, 0, 4
21, 13, 4, 0, 4
21, 13, 4, 3, 4
21, 13, 4, 3, 4
21, 13, 4, 3, 4
21, 13, 4, 6, 4
21, 13, 4, 6, 4
21, 13, 4, 6, 4
21, 13, 4, 7, 4
21, 13, 4, 7, 4
21, 13, 4, 7, 4
21, 13, 4, 8, 2
21, 13, 5, 0, 4
21, 13, 5, 0, 4
21, 13, 5, 0, 4
21, 13, 5, 3, 4
21, 13, 5, 3, 4
21, 13, 5, 3, 4
21, 13, 5, 6, 4
21, 13, 5, 6, 4
21, 13, 5, 6, 4
21, 13, 5, 7, 4
21, 13, 5, 7, 4
21, 13, 5, 7, 4
21, 13, 5, 10, 2
21, 24, 6, 2, 2
21, 24, 6, 2, 2
21, 24, 6, 2, 2
21, 24, 6, 2, 5
21, 24, 6, 2, 5
21, 24, 6, 2, 5
21, 24, 6, 4, 2
21, 24, 6, 4, 2
21, 24, 6, 4, 2
21, 24, 6, 4, 5
21, 24, 6, 4, 5
21, 24, 6, 4, 5
21, 24, 6, 5, 2
21, 24, 6, 5, 2
21, 24, 6, 5, 2
21, 24, 6, 5, 5
21, 24, 6, 5, 5
21, 24, 6, 5, 5
21, 24, 6, 9, 2
21, 24, 6, 9, 2
21, 24, 6, 9, 2
21, 24, 6, 9, 5
21, 24, 6, 9, 5
21, 24, 6, 9, 5
21, 24, 7, 2, 2
21, 24, 7, 2, 2
21, 24, 7, 2, 2
21, 24, 7, 2, 5
21, 24, 7, 2, 5
21, 24, 7, 2, 5
21, 24, 7, 4, 2
21, 24, 7, 4, 2
21, 24, 7, 4, 2
21, 24, 7, 4, 5
21, 24, 7, 4, 5
21, 24, 7, 4, 5
21, 24, 7, 5, 2
21, 24, 7, 5, 2
21, 24, 7, 5, 2
21, 24, 7, 5, 5
21, 24, 7, 5, 5
21, 24, 7, 5, 5
21, 24, 7, 9, 2
21, 24, 7, 9, 2
21, 24, 7, 9, 2
21, 24, 7, 9, 5
21, 24, 7, 9, 5
21, 24, 7, 9, 5
21, 13, 9, 0, 4
21, 13, 9, 0, 4
21, 13, 9, 0, 4
21, 13, 9, 3, 4
21, 13, 9, 3, 4
21, 13, 9, 3, 4
21, 13, 9, 6, 4
21, 13, 9, 6, 4
21, 13, 9, 6, 4
21, 13, 9, 7, 4
21, 13, 9, 7, 4
21, 13, 9, 7, 4
21, 13, 9, 10, 2
22, 48, 0, 1, 3
22, 48, 0, 1, 3
22, 48, 0, 1, 3
22, 48, 0, 1, 3
22, 48, 0, 1, 3
22, 48, 0, 1, 3
22, 48, 0, 1, 3
22, 48, 0, 1, 3
22, 48, 0, 1, 3
22, 48, 0, 1, 3
22, 48, 0, 1, 3
22, 48, 0, 1, 3
22, 48, 0, 1, 3
22, 48, 0, 1, 3
22, 48, 0, 1, 3
22, 48, 0, 1, 3
22, 48, 0, 1, 3
22, 48, 0, 1, 3
22, 48, 0, 1, 3
22, 48, 0, 1, 3
22, 48, 0, 1, 3
22, 48, 0, 1, 3
22, 48, 0, 1, 3
22, 48, 0, 1, 3
22, 48, 0, 1, 3
22, 48, 0, 1, 3
22, 48, 0, 1, 3
22, 48, 0, 1, 3
22, 48, 0, 1, 3
22, 48, 0, 1, 3
22, 48, 0, 1, 3
22, 48, 0, 1, 3
22, 48, 0, 1, 3
22, 48, 0, 1, 3
22, 48, 0, 1, 3
22, 48, 0, 1, 3
22, 48, 0, 1, 3
22, 48, 0, 1, 3
22, 48, 0, 1, 3
22, 48, 0, 1, 3
22, 48, 0, 1, 3
22, 48, 0, 1, 3
22, 48, 0, 1, 3
22, 48, 0, 1, 3
22, 48, 0, 1, 3
22, 48, 0, 1, 3
22, 48, 0, 1, 3
22, 48, 0, 1, 3
22, 96, 1, 0, 3
22, 96, 1, 0, 3
22, 96, 1, 0, 3
22, 96, 1, 0, 3
22, 96, 1, 0, 3
22, 96, 1, 0, 3
22, 96, 1, 0, 3
22, 96, 1, 0, 3
22, 96, 1, 0, 3
22, 96, 1, 0, 3
22, 96, 1, 0, 3
22, 96, 1, 0, 3
22, 96, 1, 0, 3
22, 96, 1, 0, 3
22, 96, 1, 0, 3
22, 96, 1, 0, 3
22, 96, 1, 0, 3
22, 96, 1, 0, 3
22, 96, 1, 0, 3
22, 96, 1, 0, 3
22, 96, 1, 0, 3
22, 96, 1, 0, 3
22, 96, 1, 0, 3
22, 96, 1, 0, 3
22, 96, 1, 0, 3
22, 96, 1, 0, 3
22, 96, 1, 0, 3
22, 96, 1, 0, 3
22, 96, 1, 0, 3
22, 96, 1, 0, 3
22, 96, 1, 0, 3
22, 96, 1, 0, 3
22, 96, 1, 0, 3
22, 96, 1, 0, 3
22, 96, 1, 0, 3
22, 96, 1, 0, 3
22, 96, 1, 0, 3
22, 96, 1, 0, 3
22, 96, 1, 0, 3
22, 96, 1, 0, 3
22, 96, 1, 0, 3
22, 96, 1, 0, 3
22, 96, 1, 0, 3
22, 96, 1, 0, 3
22, 96, 1, 0, 3
22, 96, 1, 0, 3
22, 96, 1, 0, 3
22, 96, 1, 0, 3
22, 96, 1, 0, 3
22, 96, 1, 0, 3
22, 96, 1, 0, 3
22, 96, 1, 0, 3
22, 96, 1, 0, 3
22, 96, 1, 0, 3
22, 96, 1, 0, 3
22, 96, 1, 0, 3
22, 96, 1, 0, 3
22, 96, 1, 0, 3
22, 96, 1, 0, 3
22, 96, 1, 0, 3
22, 96, 1, 0, 3
22, 96, 1, 0, 3
22, 96, 1, 0, 3
22, 96, 1, 0, 3
22, 96, 1, 0, 3
22, 96, 1, 0, 3
22, 96, 1, 0, 3
22, 96, 1, 0, 3
22, 96, 1, 0, 3
22, 96, 1, 0, 3
22, 96, 1, 0, 3
22, 96, 1, 0, 3
22, 96, 1, 0, 3
22, 96, 1, 0, 3
22, 96, 1, 0, 3
22, 96, 1, 0, 3
22, 96, 1, 0, 3
22, 96, 1, 0, 3
22, 96, 1, 0, 3
22, 96, 1, 0, 3
22, 96, 1, 0, 3
22, 96, 1, 0, 3
22, 96, 1, 0, 3
22, 96, 1, 0, 3
22, 96, 1, 0, 3
22, 96, 1, 0, 3
22, 96, 1, 0, 3
22, 96, 1, 0, 3
22, 96, 1, 0, 3
22, 96, 1, 0, 3
22, 96, 1, 0, 3
22, 96, 1, 0, 3
22, 96, 1, 0, 3
22, 96, 1, 0, 3
22, 96, 1, 0, 3
22, 96, 1, 0, 3
23, 48, 0, 1, 3
23, 48, 0, 1, 3
23, 48, 0, 1, 3
23, 48, 0, 1, 3
23, 48, 0, 1, 3
23, 48, 0, 1, 3
23, 48, 0, 1, 3
23, 48, 0, 1, 3
23, 48, 0, 1, 3
23, 48, 0, 1, 3
23, 48, 0, 1, 3
23, 48, 0, 1, 3
23, 48, 0, 1, 3
23, 48, 0, 1, 3
23, 48, 0, 1, 3
23, 48, 0, 1, 3
23, 48, 0, 1, 3
23, 48, 0, 1, 3
23, 48, 0, 1, 3
23, 48, 0, 1, 3
23, 48, 0, 1, 3
23, 48, 0, 1, 3
23, 48, 0, 1, 3
23, 48, 0, 1, 3
23, 48, 0, 1, 3
23, 48, 0, 1, 3
23, 48, 0, 1, 3
23, 48, 0, 1, 3
23, 48, 0, 1, 3
23, 48, 0, 1, 3
23, 48, 0, 1, 3
23, 48, 0, 1, 3
23, 48, 0, 1, 3
23, 48, 0, 1, 3
23, 48, 0, 1, 3
23, 48, 0, 1, 3
23, 48, 0, 1, 3
23, 48, 0, 1, 3
23, 48, 0, 1, 3
23, 48, 0, 1, 3
23, 48, 0, 1, 3
23, 48, 0, 1, 3
23, 48, 0, 1, 3
23, 48, 0, 1, 3
23, 48, 0, 1, 3
23, 48, 0, 1, 3
23, 48, 0, 1, 3
23, 48, 0, 1, 3
23, 96, 1, 0, 3
23, 96, 1, 0, 3
23, 96, 1, 0, 3
23, 96, 1, 0, 3
23, 96, 1, 0, 3
23, 96, 1, 0, 3
23, 96, 1, 0, 3
23, 96, 1, 0, 3
23, 96, 1, 0, 3
23, 96, 1, 0, 3
23, 96, 1, 0, 3
23, 96, 1, 0, 3
23, 96, 1, 0, 3
23, 96, 1, 0, 3
23, 96, 1, 0, 3
23, 96, 1, 0, 3
23, 96, 1, 0, 3
23, 96, 1, 0, 3
23, 96, 1, 0, 3
23, 96, 1, 0, 3
23, 96, 1, 0, 3
23, 96, 1, 0, 3
23, 96, 1, 0, 3
23, 96, 1, 0, 3
23, 96, 1, 0, 3
23, 96, 1, 0, 3
23, 96, 1, 0, 3
23, 96, 1, 0, 3
23, 96, 1, 0, 3
23, 96, 1, 0, 3
23, 96, 1, 0, 3
23, 96, 1, 0, 3
23, 96, 1, 0, 3
23, 96, 1, 0, 3
23, 96, 1, 0, 3
23, 96, 1, 0, 3
23, 96, 1, 0, 3
23, 96, 1, 0, 3
23, 96, 1, 0, 3
23, 96, 1, 0, 3
23, 96, 1, 0, 3
23, 96, 1, 0, 3
23, 96, 1, 0, 3
23, 96, 1, 0, 3
23, 96, 1, 0, 3
23, 96, 1, 0, 3
23, 96, 1, 0, 3
23, 96, 1, 0, 3
23, 96, 1, 0, 3
23, 96, 1, 0, 3
23, 96, 1, 0, 3
23, 96, 1, 0, 3
23, 96, 1, 0, 3
23, 96, 1, 0, 3
23, 96, 1, 0, 3
23, 96, 1, 0, 3
23, 96, 1, 0, 3
23, 96, 1, 0, 3
23, 96, 1, 0, 3
23, 96, 1, 0, 3
23, 96, 1, 0, 3
23, 96, 1, 0, 3
23, 96, 1, 0, 3
23, 96, 1, 0, 3
23, 96, 1, 0, 3
23, 96, 1, 0, 3
23, 96, 1, 0, 3
23, 96, 1, 0, 3
23, 96, 1, 0, 3
23, 96, 1, 0, 3
23, 96, 1, 0, 3
23, 96, 1, 0, 3
23, 96, 1, 0, 3
23, 96, 1, 0, 3
23, 96, 1, 0, 3
23, 96, 1, 0, 3
23, 96, 1, 0, 3
23, 96, 1, 0, 3
23, 96, 1, 0, 3
23, 96, 1, 0, 3
23, 96, 1, 0, 3
23, 96, 1, 0, 3
23, 96, 1, 0, 3
23, 96, 1, 0, 3
23, 96, 1, 0, 3
23, 96, 1, 0, 3
23, 96, 1, 0, 3
23, 96, 1, 0, 3
23, 96, 1, 0, 3
23, 96, 1, 0, 3
23, 96, 1, 0, 3
23, 96, 1, 0, 3
23, 96, 1, 0, 3
23, 96, 1, 0, 3
23, 96, 1, 0, 3
23, 96, 1, 0, 3
24, 1, 0, 26, 3
24, 1, 1, 26, 3
24, 1, 2, 26, 3
24, 1, 3, 26, 3
24, 1, 4, 26, 3
24, 1, 5, 26, 3
24, 1, 6, 26, 3
24, 1, 7, 26, 3
24, 1, 8, 26, 3
24, 1, 9, 26, 3
24, 1, 10, 26, 3
24, 1, 11, 26, 3
24, 1, 12, 26, 3
24, 1, 13, 26, 3
24, 1, 14, 26, 3
24, 1, 15, 26, 3
24, 1, 16, 26, 3
24, 1, 17, 26, 3
24, 1, 18, 26, 3
24, 1, 19, 26, 3
24, 1, 20, 26, 3
24, 1, 21, 26, 3
24, 1, 22, 26, 3
24, 1, 23, 26, 3
24, 1, 24, 26, 3
24, 1, 25, 26, 3
24, 48, 26, 0, 3
24, 48, 26, 1, 3
24, 48, 26, 2, 3
24, 48, 26, 3, 3
24, 48, 26, 4, 3
24, 48, 26, 5, 3
24, 48, 26, 6, 3
24, 48, 26, 7, 3
24, 48, 26, 8, 3
24, 48, 26, 9, 3
24, 48, 26, 10, 3
24, 48, 26, 11, 3
24, 48, 26, 12, 3
24, 48, 26, 13, 3
24, 48, 26, 14, 3
24, 48, 26, 15, 3
24, 48, 26, 16, 3
24, 48, 26, 17, 3
24, 48, 26, 18, 3
24, 48, 26, 19, 3
24, 48, 26, 20, 3
24, 48, 26, 21, 3
24, 48, 26, 22, 3
24, 48, 26, 23, 3
24, 48, 26, 24, 3
24, 48, 26, 25, 3
24, 48, 26, 27, 3
24, 48, 26, 28, 3
24, 48, 26, 29, 3
24, 48, 26, 30, 3
24, 48, 26, 31, 3
24, 48, 26, 32, 3
24, 48, 26, 33, 3
24, 48, 26, 34, 3
24, 48, 26, 35, 3
24, 48, 26, 36, 3
24, 48, 26, 37, 3
24, 48, 26, 38, 3
24, 48, 26, 39, 3
24, 48, 26, 40, 3
24, 48, 26, 41, 3
24, 48, 26, 42, 3
24, 48, 26, 43, 3
24, 48, 26, 44, 3
24, 48, 26, 45, 3
24, 48, 26, 46, 3
24, 48, 26, 47, 3
24, 48, 26, 48, 3
24, 1, 27, 26, 3
24, 1, 28, 26, 3
24, 1, 29, 26, 3
24, 1, 30, 26, 3
24, 1, 31, 26, 3
24, 1, 32, 26, 3
24, 1, 33, 26, 3
24, 1, 34, 26, 3
24, 1, 35, 26, 3
24, 1, 36, 26, 3
24, 1, 37, 26, 3
24, 1, 38, 26, 3
24, 1, 39, 26, 3
24, 1, 40, 26, 3
24, 1, 41, 26, 3
24, 1, 42, 26, 3
24, 1, 43, 26, 3
24, 1, 44, 26, 3
24, 1, 45, 26, 3
24, 1, 46, 26, 3
24, 1, 47, 26, 3
24, 1, 48, 26, 3
25, 1, 1, 0, 3
26, 1, 1, 0, 3
Goal
24
25
26
